Now: 2026-03-26 22:11:58.436203
Year: 2026 Month: 3
One week + 2h later: 2026-04-03 00:11:58.436203
Formatted: 2026-03-26 22:11:58
Parsed: 2024-01-15 12:30:45
