Coefficient: 2.4197294629921107
Intercept: 0.28582663891713267
R² score: 0.9545718935323327
MSE: 2.6147980548680083
