Mean: 9.625
Median: 9.0
Mode: 2
Stdev: 6.3905622377288305
Variance: 40.839285714285715
